0 1 0.6372767861328125 0.986328125 0.6847098212890625 0.962611607421875 0.6888950888671875 0.9375 0.697265625 0.9054129462890625 0.6986607138671875 0.8719308037109375 0.716796875 0.834263392578125 0.7265625 0.8370535712890625 0.7084263388671875 0.869140625 0.683314732421875 0.8719308037109375 0.644252232421875 0.8468191962890625 0.6400669638671875 0.804966517578125 0.6707589287109375 0.7728794638671875 0.6944754462890625 0.7296316962890625 0.730747767578125 0.7045200888671875 0.7739955361328125 0.707310267578125 0.8074776787109375 0.7142857138671875 0.839564732421875 0.7296316962890625 0.8828125 0.7533482138671875 0.9009486611328125 0.777064732421875 0.917689732421875 0.785435267578125 0.906529017578125 0.8189174111328125 0.8744419638671875 0.8426339287109375 0.8758370537109375 0.8621651787109375 0.9009486611328125 0.8217075888671875 0.927455357421875 0.83984375 0.9525669638671875 0.8677455361328125 0.9623325888671875 0.894252232421875 0.9818638388671875 0.8970424111328125 1 0.9263392861328125 1 0.931919642578125 0.9832589287109375 0.952845982421875 0.9637276787109375 0.9779575888671875 0.9623325888671875 0.980747767578125 0.986049107421875 1 1 1 0.6372767861328125
0 0.478515625 0 0.4854910712890625 0.033203125 0.503627232421875 0.048549107421875 0.5287388388671875 0.0806361611328125 0.556640625 0.097377232421875 0.576171875 0.1043526787109375 0.580357142578125 0.125279017578125 0.5887276787109375 0.1685267861328125 0.640345982421875 0.1768973212890625 0.679408482421875 0.1810825888671875 0.718470982421875 0.1782924111328125 0.7393973212890625 0.169921875 0.771484375 0.1615513388671875 0.806361607421875 0.169921875 0.8384486611328125 0.174107142578125 0.8482142861328125 0.16015625 0.8370535712890625 0.1183035712890625 0.824497767578125 0.091796875 0.8217075888671875 0.0611049111328125 0.8217075888671875 0.0248325888671875 0.8412388388671875 0 0.478515625 0
0 0.6333705361328125 1 0.6263950888671875 0.9888392861328125 0.6040736611328125 0.94140625 0.5943080361328125 0.9037388388671875 0.5789620537109375 0.906529017578125 0.5594308037109375 0.886997767578125 0.556640625 0.8660714287109375 0.5929129462890625 0.8618861611328125 0.599888392578125 0.839564732421875 0.581752232421875 0.8256138388671875 0.591517857421875 0.8032924111328125 0.546875 0.751674107421875 0.5259486611328125 0.7293526787109375 0.5092075888671875 0.7251674111328125 0.484095982421875 0.7098214287109375 0.4603794638671875 0.6888950888671875 0.433872767578125 0.6805245537109375 0.4561941962890625 0.7586495537109375 0.464564732421875 0.808872767578125 0.46875 0.8465401787109375 0.474330357421875 0.907924107421875 0.4771205361328125 0.9386160712890625 0.482700892578125 1 0.6333705361328125 1
0 0.3445870537109375 0.9609375 0.327845982421875 0.9720982138671875 0.3097098212890625 0.9888392861328125 0.3208705361328125 1 0.3683035712890625 0.995814732421875 0.3696986611328125 0.984654017578125 0.3724888388671875 0.970703125 0.3724888388671875 0.9609375 0.3445870537109375 0.9609375
0 0.078125 0.9302455361328125 0.05859375 0.937220982421875 0.0669642861328125 0.970703125 0.0809151787109375 0.9930245537109375 0.107421875 1 0.113002232421875 0.9832589287109375 0.1241629462890625 0.951171875 0.113002232421875 0.931640625 0.078125 0.9302455361328125
0 0.0460379462890625 1 0.043247767578125 0.9818638388671875 0.043247767578125 0.935825892578125 0.0181361611328125 0.9246651787109375 0 0.916294642578125 0 1 0.0460379462890625 1
0 0.3529575888671875 0.7377232138671875 0.3334263388671875 0.7237723212890625 0.3097098212890625 0.730747767578125 0.2943638388671875 0.7530691962890625 0.287388392578125 0.7684151787109375 0.29296875 0.7963169638671875 0.3111049111328125 0.7865513388671875 0.3292410712890625 0.775390625 0.3515625 0.7684151787109375 0.3529575888671875 0.7377232138671875
0 0.8579799111328125 0.130859375 0.859375 0.16015625 0.9012276787109375 0.1629464287109375 0.91796875 0.1420200888671875 0.9486607138671875 0.1476004462890625 0.980747767578125 0.1434151787109375 0.9933035712890625 0.12109375 1 0.1099330361328125 0.9946986611328125 0.0834263388671875 0.970982142578125 0.0931919638671875 0.947265625 0.1001674111328125 0.8956473212890625 0.1099330361328125 0.8579799111328125 0.130859375
0 0.21484375 0.833984375 0.171595982421875 0.8353794638671875 0.140904017578125 0.849330357421875 0.1060267861328125 0.867466517578125 0.1060267861328125 0.8995535712890625 0.1255580361328125 0.9135044638671875 0.1576450888671875 0.888392857421875 0.189732142578125 0.867466517578125 0.219029017578125 0.849330357421875 0.21484375 0.833984375
0 1 0.3080357138671875 0.9737723212890625 0.2898995537109375 0.8872767861328125 0.2745535712890625 0.8412388388671875 0.2689732138671875 0.8231026787109375 0.2898995537109375 0.825892857421875 0.321986607421875 0.8370535712890625 0.3443080361328125 1 0.35546875 1 0.3080357138671875
0 0 0 0 0.0304129462890625 0.0948660712890625 0.0262276787109375 0.230189732421875 0.0443638388671875 0.3236607138671875 0.0792410712890625 0.435267857421875 0.1196986611328125 0.4771205361328125 0.1531808037109375 0.498046875 0.185267857421875 0.4799107138671875 0.2354910712890625 0.4380580361328125 0.281529017578125 0.3822544638671875 0.310825892578125 0.3585379462890625 0.351283482421875 0.326450892578125 0.384765625 0.2957589287109375 0.3959263388671875 0.318080357421875 0.419642857421875 0.3920200888671875 0.4405691962890625 0.4227120537109375 0.4029017861328125 0.4520089287109375 0.3959263388671875 0.4910714287109375 0.3763950888671875 0.5301339287109375 0.3736049111328125 0.560825892578125 0.3917410712890625 0.5845424111328125 0.4266183037109375 0.6068638388671875 0.4642857138671875 0.6375558037109375 0.4754464287109375 0.6766183037109375 0.448939732421875 0.6668526787109375 0.400111607421875 0.6459263388671875 0.3582589287109375 0.654296875 0.3178013388671875 0.6961495537109375 0.301060267578125 0.7505580361328125 0.291294642578125 0.7896205361328125 0.261997767578125 0.7896205361328125 0.2299107138671875 0.7589285712890625 0.213169642578125 0.717075892578125 0.2117745537109375 0.650111607421875 0.2313058037109375 0.609654017578125 0.242466517578125 0.611049107421875 0.2117745537109375 0.590122767578125 0.1727120537109375 0.5398995537109375 0.144810267578125 0.493861607421875 0.1141183037109375 0.4324776787109375 0.0750558037109375 0.3836495537109375 0.0359933037109375 0.341796875 0 0 0