0 0.3627232138671875 1 0.3152901787109375 0.986328125 0.3111049111328125 0.962611607421875 0.302734375 0.9375 0.3013392861328125 0.9054129462890625 0.283203125 0.8719308037109375 0.2734375 0.834263392578125 0.2915736611328125 0.8370535712890625 0.316685267578125 0.869140625 0.355747767578125 0.8719308037109375 0.3599330361328125 0.8468191962890625 0.3292410712890625 0.804966517578125 0.3055245537109375 0.7728794638671875 0.269252232421875 0.7296316962890625 0.2260044638671875 0.7045200888671875 0.1925223212890625 0.707310267578125 0.160435267578125 0.7142857138671875 0.1171875 0.7296316962890625 0.0990513388671875 0.7533482138671875 0.082310267578125 0.777064732421875 0.093470982421875 0.785435267578125 0.1255580361328125 0.8189174111328125 0.1241629462890625 0.8426339287109375 0.0990513388671875 0.8621651787109375 0.072544642578125 0.8217075888671875 0.0474330361328125 0.83984375 0.0376674111328125 0.8677455361328125 0.0181361611328125 0.894252232421875 0 0.8970424111328125 0 0.9263392861328125 0.0167410712890625 0.931919642578125 0.0362723212890625 0.952845982421875 0.0376674111328125 0.9779575888671875 0.013950892578125 0.980747767578125 0 1 0.3627232138671875 1
0 1 0.478515625 0.966796875 0.4854910712890625 0.951450892578125 0.503627232421875 0.9193638388671875 0.5287388388671875 0.902622767578125 0.556640625 0.8956473212890625 0.576171875 0.874720982421875 0.580357142578125 0.8314732138671875 0.5887276787109375 0.8231026787109375 0.640345982421875 0.8189174111328125 0.679408482421875 0.8217075888671875 0.718470982421875 0.830078125 0.7393973212890625 0.8384486611328125 0.771484375 0.830078125 0.806361607421875 0.825892857421875 0.8384486611328125 0.83984375 0.8482142861328125 0.8816964287109375 0.8370535712890625 0.908203125 0.824497767578125 0.9388950888671875 0.8217075888671875 0.9751674111328125 0.8217075888671875 1 0.8412388388671875 1 0.478515625
0 0 0.6333705361328125 0.0111607138671875 0.6263950888671875 0.05859375 0.6040736611328125 0.0962611611328125 0.5943080361328125 0.093470982421875 0.5789620537109375 0.113002232421875 0.5594308037109375 0.1339285712890625 0.556640625 0.1381138388671875 0.5929129462890625 0.160435267578125 0.599888392578125 0.1743861611328125 0.581752232421875 0.1967075888671875 0.591517857421875 0.248325892578125 0.546875 0.2706473212890625 0.5259486611328125 0.2748325888671875 0.5092075888671875 0.2901785712890625 0.484095982421875 0.3111049111328125 0.4603794638671875 0.3194754462890625 0.433872767578125 0.2413504462890625 0.4561941962890625 0.191127232421875 0.464564732421875 0.1534598212890625 0.46875 0.092075892578125 0.474330357421875 0.0613839287109375 0.4771205361328125 0 0.482700892578125 0 0.6333705361328125
0 0.0390625 0.3445870537109375 0.0279017861328125 0.327845982421875 0.0111607138671875 0.3097098212890625 0 0.3208705361328125 0.004185267578125 0.3683035712890625 0.015345982421875 0.3696986611328125 0.029296875 0.3724888388671875 0.0390625 0.3724888388671875 0.0390625 0.3445870537109375
0 0.0697544638671875 0.078125 0.062779017578125 0.05859375 0.029296875 0.0669642861328125 0.0069754462890625 0.0809151787109375 0 0.107421875 0.0167410712890625 0.113002232421875 0.048828125 0.1241629462890625 0.068359375 0.113002232421875 0.0697544638671875 0.078125
0 0 0 0 0.0460379462890625 0.0181361611328125 0.043247767578125 0.064174107421875 0.043247767578125 0.0753348212890625 0.0181361611328125 0.083705357421875 0 0 0
0 0.2622767861328125 0.3529575888671875 0.2762276787109375 0.3334263388671875 0.269252232421875 0.3097098212890625 0.2469308037109375 0.2943638388671875 0.2315848212890625 0.287388392578125 0.2036830361328125 0.29296875 0.2134486611328125 0.3111049111328125 0.224609375 0.3292410712890625 0.2315848212890625 0.3515625 0.2622767861328125 0.3529575888671875
0 0.869140625 0.8579799111328125 0.83984375 0.859375 0.8370535712890625 0.9012276787109375 0.8579799111328125 0.91796875 0.8523995537109375 0.9486607138671875 0.8565848212890625 0.980747767578125 0.87890625 0.9933035712890625 0.8900669638671875 1 0.9165736611328125 0.9946986611328125 0.9068080361328125 0.970982142578125 0.8998325888671875 0.947265625 0.8900669638671875 0.8956473212890625 0.869140625 0.8579799111328125
0 0.166015625 0.21484375 0.1646205361328125 0.171595982421875 0.150669642578125 0.140904017578125 0.132533482421875 0.1060267861328125 0.1004464287109375 0.1060267861328125 0.0864955361328125 0.1255580361328125 0.111607142578125 0.1576450888671875 0.132533482421875 0.189732142578125 0.150669642578125 0.219029017578125 0.166015625 0.21484375
0 0.6919642861328125 1 0.7101004462890625 0.9737723212890625 0.7254464287109375 0.8872767861328125 0.7310267861328125 0.8412388388671875 0.7101004462890625 0.8231026787109375 0.678013392578125 0.825892857421875 0.6556919638671875 0.8370535712890625 0.64453125 1 0.6919642861328125 1
0 0.9695870537109375 0 0.9737723212890625 0.0948660712890625 0.9556361611328125 0.230189732421875 0.9207589287109375 0.3236607138671875 0.8803013388671875 0.435267857421875 0.8468191962890625 0.4771205361328125 0.814732142578125 0.498046875 0.7645089287109375 0.4799107138671875 0.718470982421875 0.4380580361328125 0.689174107421875 0.3822544638671875 0.648716517578125 0.3585379462890625 0.615234375 0.326450892578125 0.6040736611328125 0.2957589287109375 0.580357142578125 0.318080357421875 0.5594308037109375 0.3920200888671875 0.5970982138671875 0.4227120537109375 0.6040736611328125 0.4520089287109375 0.6236049111328125 0.4910714287109375 0.6263950888671875 0.5301339287109375 0.6082589287109375 0.560825892578125 0.5733816962890625 0.5845424111328125 0.5357142861328125 0.6068638388671875 0.5245535712890625 0.6375558037109375 0.551060267578125 0.6766183037109375 0.599888392578125 0.6668526787109375 0.6417410712890625 0.6459263388671875 0.6821986611328125 0.654296875 0.698939732421875 0.6961495537109375 0.708705357421875 0.7505580361328125 0.738002232421875 0.7896205361328125 0.7700892861328125 0.7896205361328125 0.786830357421875 0.7589285712890625 0.7882254462890625 0.717075892578125 0.7686941962890625 0.650111607421875 0.757533482421875 0.609654017578125 0.7882254462890625 0.611049107421875 0.8272879462890625 0.590122767578125 0.855189732421875 0.5398995537109375 0.8858816962890625 0.493861607421875 0.9249441962890625 0.4324776787109375 0.9640066962890625 0.3836495537109375 1 0.341796875 1 0 0.9695870537109375 0